45.235.227.0/24,266797
45.235.227.0/24,266797
