181.233.160.0/24,272048
