185.224.244.0/22,39895
