64.5.121.0/24,26319
