185.161.40.0/22,48952
