199.16.64.0/20,54521
199.16.64.0/20,54521
199.16.64.0/20,54521
