138.97.208.0/22,264201
