102.221.16.0/22,328789
