208.89.245.0,393839
