209.94.91.0,40680
209.94.92.0,40680
