50.21.240.0/20,22645
50.21.240.0/23,22645
50.21.242.0/23,22645
50.21.244.0/23,22645
50.21.246.0/23,22645
50.21.248.0/23,22645
50.21.250.0/23,22645
50.21.252.0/23,22645
50.21.254.0/23,22645
64.92.176.0/20,22645
64.92.176.0/21,22645
64.92.184.0/21,22645
68.69.52.0/24,22645
69.62.70.0/24,22645
72.18.160.0/21,22645
72.18.168.0/21,22645
74.200.128.0/18,22645
74.200.131.0/24,22645
74.200.142.0/24,22645
74.200.146.0/24,22645
74.200.152.0/24,22645
74.200.176.0/24,22645
74.200.178.0/24,22645
74.200.185.0/24,22645
74.200.188.0/24,22645
74.200.191.0/24,22645
129.62.0.0,22645
129.62.0.0/19,22645
129.62.32.0/19,22645
129.62.64.0/19,22645
129.62.128.0/19,22645
129.62.160.0/19,22645
129.62.192.0/19,22645
147.26.87.0/24,22645
172.87.96.0/21,22645
172.87.104.0/21,22645
192.135.186.0,22645
198.178.139.0,22645
198.178.140.0,22645
198.183.241.0,22645
198.186.242.0,22645
198.186.246.0,22645
198.186.247.0,22645
198.186.248.0/22,22645
198.186.252.0,22645
199.21.252.0/23,22645
199.21.254.0/23,22645
199.66.232.0/22,22645
199.115.211.0,22645
199.181.16.0/20,22645
199.233.111.0,22645
204.153.35.0,22645
208.76.224.0/22,22645
208.79.131.0,22645
