103.180.200.0/23,138958
103.180.200.0/24,138958
103.180.201.0/24,138958
