193.57.47.0,60812
