91.206.160.0/23,64441
194.102.162.0,64441
