103.105.8.0/23,150939
