178.217.208.0/21,51216
