63.116.246.0/24,395414
