23.130.248.0/24,21703
23.130.248.0/24,21703
23.130.248.0/24,21703
