207.210.163.0,25955
207.210.166.0,25955
207.210.170.0,25955
207.210.177.0,25955
