192.65.255.0,32092
