91.199.92.0/24,44351
