193.232.167.0,56903
