45.171.60.0/22,61613
45.171.60.0/23,61613
45.171.60.0/24,61613
45.171.61.0/24,61613
45.171.62.0/23,61613
45.171.62.0/24,61613
45.171.63.0/24,61613
