187.102.204.0/24,270113
