198.183.219.0,54969
