103.227.44.0/22,45858
