43.226.232.0/22,38851
43.227.26.0/23,38851
43.226.232.0/22,38851
43.227.26.0/23,38851
60.245.120.0/21,38851
103.3.192.0/22,38851
103.5.100.0/22,38851
103.46.144.0/22,38851
103.46.188.0/22,38851
103.229.100.0/23,38851
103.246.208.0/22,38851
122.146.108.0/23,38851
122.147.160.0/22,38851
122.147.160.0/23,38851
122.147.164.0/23,38851
150.117.0.0/20,38851
223.26.80.0/22,38851
223.26.108.0/22,38851
43.226.232.0/22,38851
43.227.26.0/23,38851
