86.111.228.0/23,41626
86.111.230.0/23,41626
