45.224.104.0/22,265848
