23.247.224.0/22,399971
23.247.224.0/22,399971
23.247.224.0/22,399971
