91.233.204.0/23,198040
91.233.204.0/23,198040
91.233.204.0/23,198040
91.233.204.0/23,198040
176.103.160.0/21,198040
176.103.160.0/21,198040
176.103.160.0/21,198040
176.103.160.0/21,198040
