66.43.247.0/24,396878
67.55.143.0/24,396878
67.55.157.0/24,396878
67.55.236.0/24,396878
69.63.0.0/24,396878
69.63.22.0/24,396878
69.63.28.0/24,396878
158.51.168.0/23,396878
158.51.170.0/23,396878
158.51.170.0/24,396878
173.215.21.0/24,396878
192.82.96.0/22,396878
192.82.98.0/23,396878
199.87.172.0/23,396878
207.177.28.0,396878
207.177.101.0,396878
207.177.124.0,396878
207.199.207.0,396878
207.199.213.0,396878
207.199.237.0,396878
208.126.32.0,396878
208.126.115.0,396878
208.126.177.0,396878
216.51.251.0,396878
