45.189.64.0/22,269586
45.189.64.0/22,269586
45.189.64.0/22,269586
