172.99.184.0/22,396899
